
input per-read per-base error rate? 
per-read per-base error rate e = 0.01
 n  k     lnL00    lnL01    lnL11   dlnL  GT  pk0(GT11) pk1(GT01)
 2  0    -0.020   -1.386   -9.210   1.37  00   0.00010  0.25000
 2  1    -4.615   -1.386   -4.615   3.23  01   0.01980  0.50000
 2  2    -9.210   -1.386   -0.020   1.37  11   0.98010  0.25000

n =  2  GTcallerror (for GT 11, 01) =   0.019900   0.500000

 n  k     lnL00    lnL01    lnL11   dlnL  GT  pk0(GT11) pk1(GT01)
 3  0    -0.030   -2.079  -13.816   2.05  00   0.00000  0.12500
 3  1    -4.625   -2.079   -9.220   2.55  01   0.00030  0.37500
 3  2    -9.220   -2.079   -4.625   2.55  01   0.02940  0.37500
 3  3   -13.816   -2.079   -0.030   2.05  11   0.97030  0.12500

n =  3  GTcallerror (for GT 11, 01) =   0.029701   0.250000

 n  k     lnL00    lnL01    lnL11   dlnL  GT  pk0(GT11) pk1(GT01)
 4  0    -0.040   -2.773  -18.421   2.73  00   0.00000  0.06250
 4  1    -4.635   -2.773  -13.826   1.86  01   0.00000  0.25000
 4  2    -9.230   -2.773   -9.230   6.46  01   0.00059  0.37500
 4  3   -13.826   -2.773   -4.635   1.86  01   0.03881  0.25000
 4  4   -18.421   -2.773   -0.040   2.73  11   0.96060  0.06250

n =  4  GTcallerror (for GT 11, 01) =   0.039404   0.125000

 n  k     lnL00    lnL01    lnL11   dlnL  GT  pk0(GT11) pk1(GT01)
 5  0    -0.050   -3.466  -23.026   3.42  00   0.00000  0.03125
 5  1    -4.645   -3.466  -18.431   1.18  01   0.00000  0.15625
 5  2    -9.240   -3.466  -13.836   5.77  01   0.00001  0.31250
 5  3   -13.836   -3.466   -9.240   5.77  01   0.00097  0.31250
 5  4   -18.431   -3.466   -4.645   1.18  01   0.04803  0.15625
 5  5   -23.026   -3.466   -0.050   3.42  11   0.95099  0.03125

n =  5  GTcallerror (for GT 11, 01) =   0.049010   0.062500

 n  k     lnL00    lnL01    lnL11   dlnL  GT  pk0(GT11) pk1(GT01)
 6  0    -0.060   -4.159  -27.631   4.10  00   0.00000  0.01563
 6  1    -4.655   -4.159  -23.036   0.50  01   0.00000  0.09375
 6  2    -9.251   -4.159  -18.441   5.09  01   0.00000  0.23438
 6  3   -13.846   -4.159  -13.846   9.69  01   0.00002  0.31250
 6  4   -18.441   -4.159   -9.251   5.09  01   0.00144  0.23438
 6  5   -23.036   -4.159   -4.655   0.50  01   0.05706  0.09375
 6  6   -27.631   -4.159   -0.060   4.10  11   0.94148  0.01563

n =  6  GTcallerror (for GT 11, 01) =   0.058520   0.031250

 n  k     lnL00    lnL01    lnL11   dlnL  GT  pk0(GT11) pk1(GT01)
 7  0    -0.070   -4.852  -32.236   4.78  00   0.00000  0.00781
 7  1    -4.665   -4.852  -27.641   0.19  00   0.00000  0.05469
 7  2    -9.261   -4.852  -23.046   4.41  01   0.00000  0.16406
 7  3   -13.856   -4.852  -18.451   9.00  01   0.00000  0.27344
 7  4   -18.451   -4.852  -13.856   9.00  01   0.00003  0.27344
 7  5   -23.046   -4.852   -9.261   4.41  01   0.00200  0.16406
 7  6   -27.641   -4.852   -4.665   0.19  11   0.06590  0.05469
 7  7   -32.236   -4.852   -0.070   4.78  11   0.93207  0.00781

n =  7  GTcallerror (for GT 11, 01) =   0.002031   0.125000

 n  k     lnL00    lnL01    lnL11   dlnL  GT  pk0(GT11) pk1(GT01)
 8  0    -0.080   -5.545  -36.841   5.46  00   0.00000  0.00391
 8  1    -4.676   -5.545  -32.246   0.87  00   0.00000  0.03125
 8  2    -9.271   -5.545  -27.651   3.73  01   0.00000  0.10938
 8  3   -13.866   -5.545  -23.056   8.32  01   0.00000  0.21875
 8  4   -18.461   -5.545  -18.461  12.92  01   0.00000  0.27344
 8  5   -23.056   -5.545  -13.866   8.32  01   0.00005  0.21875
 8  6   -27.651   -5.545   -9.271   3.73  01   0.00264  0.10938
 8  7   -32.246   -5.545   -4.676   0.87  11   0.07457  0.03125
 8  8   -36.841   -5.545   -0.080   5.46  11   0.92274  0.00391

n =  8  GTcallerror (for GT 11, 01) =   0.002690   0.070313

 n  k     lnL00    lnL01    lnL11   dlnL  GT  pk0(GT11) pk1(GT01)
 9  0    -0.090   -6.238  -41.447   6.15  00   0.00000  0.00195
 9  1    -4.686   -6.238  -36.851   1.55  00   0.00000  0.01758
 9  2    -9.281   -6.238  -32.256   3.04  01   0.00000  0.07031
 9  3   -13.876   -6.238  -27.661   7.64  01   0.00000  0.16406
 9  4   -18.471   -6.238  -23.066  12.23  01   0.00000  0.24609
 9  5   -23.066   -6.238  -18.471  12.23  01   0.00000  0.24609
 9  6   -27.661   -6.238  -13.876   7.64  01   0.00008  0.16406
 9  7   -32.256   -6.238   -9.281   3.04  01   0.00336  0.07031
 9  8   -36.851   -6.238   -4.686   1.55  11   0.08305  0.01758
 9  9   -41.447   -6.238   -0.090   6.15  11   0.91352  0.00195

n =  9  GTcallerror (for GT 11, 01) =   0.003436   0.039062

 n  k     lnL00    lnL01    lnL11   dlnL  GT  pk0(GT11) pk1(GT01)
10  0    -0.101   -6.931  -46.052   6.83  00   0.00000  0.00098
10  1    -4.696   -6.931  -41.457   2.24  00   0.00000  0.00977
10  2    -9.291   -6.931  -36.861   2.36  01   0.00000  0.04395
10  3   -13.886   -6.931  -32.266   6.95  01   0.00000  0.11719
10  4   -18.481   -6.931  -27.671  11.55  01   0.00000  0.20508
10  5   -23.076   -6.931  -23.076  16.14  01   0.00000  0.24609
10  6   -27.671   -6.931  -18.481  11.55  01   0.00000  0.20508
10  7   -32.266   -6.931  -13.886   6.95  01   0.00011  0.11719
10  8   -36.861   -6.931   -9.291   2.36  01   0.00415  0.04395
10  9   -41.457   -6.931   -4.696   2.24  11   0.09135  0.00977
10 10   -46.052   -6.931   -0.101   6.83  11   0.90438  0.00098

n = 10  GTcallerror (for GT 11, 01) =   0.004266   0.021484

 n  k     lnL00    lnL01    lnL11   dlnL  GT  pk0(GT11) pk1(GT01)
11  0    -0.111   -7.625  -50.657   7.51  00   0.00000  0.00049
11  1    -4.706   -7.625  -46.062   2.92  00   0.00000  0.00537
11  2    -9.301   -7.625  -41.467   1.68  01   0.00000  0.02686
11  3   -13.896   -7.625  -36.872   6.27  01   0.00000  0.08057
11  4   -18.491   -7.625  -32.276  10.87  01   0.00000  0.16113
11  5   -23.086   -7.625  -27.681  15.46  01   0.00000  0.22559
11  6   -27.681   -7.625  -23.086  15.46  01   0.00000  0.22559
11  7   -32.276   -7.625  -18.491  10.87  01   0.00000  0.16113
11  8   -36.872   -7.625  -13.896   6.27  01   0.00015  0.08057
11  9   -41.467   -7.625   -9.301   1.68  01   0.00502  0.02686
11 10   -46.062   -7.625   -4.706   2.92  11   0.09948  0.00537
11 11   -50.657   -7.625   -0.111   7.51  11   0.89534  0.00049

n = 11  GTcallerror (for GT 11, 01) =   0.005180   0.011719

 n  k     lnL00    lnL01    lnL11   dlnL  GT  pk0(GT11) pk1(GT01)
12  0    -0.121   -8.318  -55.262   8.20  00   0.00000  0.00024
12  1    -4.716   -8.318  -50.667   3.60  00   0.00000  0.00293
12  2    -9.311   -8.318  -46.072   0.99  01   0.00000  0.01611
12  3   -13.906   -8.318  -41.477   5.59  01   0.00000  0.05371
12  4   -18.501   -8.318  -36.882  10.18  01   0.00000  0.12085
12  5   -23.096   -8.318  -32.286  14.78  01   0.00000  0.19336
12  6   -27.691   -8.318  -27.691  19.37  01   0.00000  0.22559
12  7   -32.286   -8.318  -23.096  14.78  01   0.00000  0.19336
12  8   -36.882   -8.318  -18.501  10.18  01   0.00000  0.12085
12  9   -41.477   -8.318  -13.906   5.59  01   0.00020  0.05371
12 10   -46.072   -8.318   -9.311   0.99  01   0.00597  0.01611
12 11   -50.667   -8.318   -4.716   3.60  11   0.10744  0.00293
12 12   -55.262   -8.318   -0.121   8.20  11   0.88638  0.00024

n = 12  GTcallerror (for GT 11, 01) =   0.006175   0.006348

 n  k     lnL00    lnL01    lnL11   dlnL  GT  pk0(GT11) pk1(GT01)
13  0    -0.131   -9.011  -59.867   8.88  00   0.00000  0.00012
13  1    -4.726   -9.011  -55.272   4.29  00   0.00000  0.00159
13  2    -9.321   -9.011  -50.677   0.31  01   0.00000  0.00952
13  3   -13.916   -9.011  -46.082   4.91  01   0.00000  0.03491
13  4   -18.511   -9.011  -41.487   9.50  01   0.00000  0.08728
13  5   -23.106   -9.011  -36.892  14.10  01   0.00000  0.15710
13  6   -27.701   -9.011  -32.296  18.69  01   0.00000  0.20947
13  7   -32.296   -9.011  -27.701  18.69  01   0.00000  0.20947
13  8   -36.892   -9.011  -23.106  14.10  01   0.00000  0.15710
13  9   -41.487   -9.011  -18.511   9.50  01   0.00001  0.08728
13 10   -46.082   -9.011  -13.916   4.91  01   0.00026  0.03491
13 11   -50.677   -9.011   -9.321   0.31  01   0.00698  0.00952
13 12   -55.272   -9.011   -4.726   4.29  11   0.11523  0.00159
13 13   -59.867   -9.011   -0.131   8.88  11   0.87752  0.00012

n = 13  GTcallerror (for GT 11, 01) =   0.007249   0.003418

 n  k     lnL00    lnL01    lnL11   dlnL  GT  pk0(GT11) pk1(GT01)
14  0    -0.141   -9.704  -64.472   9.56  00   0.00000  0.00006
14  1    -4.736   -9.704  -59.877   4.97  00   0.00000  0.00085
14  2    -9.331   -9.704  -55.282   0.37  00   0.00000  0.00555
14  3   -13.926   -9.704  -50.687   4.22  01   0.00000  0.02222
14  4   -18.521   -9.704  -46.092   8.82  01   0.00000  0.06110
14  5   -23.116   -9.704  -41.497  13.41  01   0.00000  0.12219
14  6   -27.711   -9.704  -36.902  18.01  01   0.00000  0.18329
14  7   -32.307   -9.704  -32.307  22.60  01   0.00000  0.20947
14  8   -36.902   -9.704  -27.711  18.01  01   0.00000  0.18329
14  9   -41.497   -9.704  -23.116  13.41  01   0.00000  0.12219
14 10   -46.092   -9.704  -18.521   8.82  01   0.00001  0.06110
14 11   -50.687   -9.704  -13.926   4.22  01   0.00033  0.02222
14 12   -55.282   -9.704   -9.331   0.37  11   0.00807  0.00555
14 13   -59.877   -9.704   -4.736   4.97  11   0.12285  0.00085
14 14   -64.472   -9.704   -0.141   9.56  11   0.86875  0.00006

n = 14  GTcallerror (for GT 11, 01) =   0.000335   0.012939

 n  k     lnL00    lnL01    lnL11   dlnL  GT  pk0(GT11) pk1(GT01)
15  0    -0.151  -10.397  -69.078  10.25  00   0.00000  0.00003
15  1    -4.746  -10.397  -64.482   5.65  00   0.00000  0.00046
15  2    -9.341  -10.397  -59.887   1.06  00   0.00000  0.00320
15  3   -13.936  -10.397  -55.292   3.54  01   0.00000  0.01389
15  4   -18.531  -10.397  -50.697   8.13  01   0.00000  0.04166
15  5   -23.126  -10.397  -46.102  12.73  01   0.00000  0.09164
15  6   -27.721  -10.397  -41.507  17.32  01   0.00000  0.15274
15  7   -32.317  -10.397  -36.912  21.92  01   0.00000  0.19638
15  8   -36.912  -10.397  -32.317  21.92  01   0.00000  0.19638
15  9   -41.507  -10.397  -27.721  17.32  01   0.00000  0.15274
15 10   -46.102  -10.397  -23.126  12.73  01   0.00000  0.09164
15 11   -50.697  -10.397  -18.531   8.13  01   0.00001  0.04166
15 12   -55.292  -10.397  -13.936   3.54  01   0.00040  0.01389
15 13   -59.887  -10.397   -9.341   1.06  11   0.00921  0.00320
15 14   -64.482  -10.397   -4.746   5.65  11   0.13031  0.00046
15 15   -69.078  -10.397   -0.151  10.25  11   0.86006  0.00003

n = 15  GTcallerror (for GT 11, 01) =   0.000416   0.007385

 n  k     lnL00    lnL01    lnL11   dlnL  GT  pk0(GT11) pk1(GT01)
16  0    -0.161  -11.090  -73.683  10.93  00   0.00000  0.00002
16  1    -4.756  -11.090  -69.088   6.33  00   0.00000  0.00024
16  2    -9.351  -11.090  -64.492   1.74  00   0.00000  0.00183
16  3   -13.946  -11.090  -59.897   2.86  01   0.00000  0.00854
16  4   -18.541  -11.090  -55.302   7.45  01   0.00000  0.02777
16  5   -23.136  -11.090  -50.707  12.05  01   0.00000  0.06665
16  6   -27.732  -11.090  -46.112  16.64  01   0.00000  0.12219
16  7   -32.327  -11.090  -41.517  21.24  01   0.00000  0.17456
16  8   -36.922  -11.090  -36.922  25.83  01   0.00000  0.19638
16  9   -41.517  -11.090  -32.327  21.24  01   0.00000  0.17456
16 10   -46.112  -11.090  -27.732  16.64  01   0.00000  0.12219
16 11   -50.707  -11.090  -23.136  12.05  01   0.00000  0.06665
16 12   -55.302  -11.090  -18.541   7.45  01   0.00002  0.02777
16 13   -59.897  -11.090  -13.946   2.86  01   0.00049  0.00854
16 14   -64.492  -11.090   -9.351   1.74  11   0.01042  0.00183
16 15   -69.088  -11.090   -4.756   6.33  11   0.13761  0.00024
16 16   -73.683  -11.090   -0.161  10.93  11   0.85146  0.00002

n = 16  GTcallerror (for GT 11, 01) =   0.000508   0.004181

 n  k     lnL00    lnL01    lnL11   dlnL  GT  pk0(GT11) pk1(GT01)
17  0    -0.171  -11.784  -78.288  11.61  00   0.00000  0.00001
17  1    -4.766  -11.784  -73.693   7.02  00   0.00000  0.00013
17  2    -9.361  -11.784  -69.098   2.42  00   0.00000  0.00104
17  3   -13.956  -11.784  -64.503   2.17  01   0.00000  0.00519
17  4   -18.551  -11.784  -59.907   6.77  01   0.00000  0.01816
17  5   -23.146  -11.784  -55.312  11.36  01   0.00000  0.04721
17  6   -27.742  -11.784  -50.717  15.96  01   0.00000  0.09442
17  7   -32.337  -11.784  -46.122  20.55  01   0.00000  0.14838
17  8   -36.932  -11.784  -41.527  25.15  01   0.00000  0.18547
17  9   -41.527  -11.784  -36.932  25.15  01   0.00000  0.18547
17 10   -46.122  -11.784  -32.337  20.55  01   0.00000  0.14838
17 11   -50.717  -11.784  -27.742  15.96  01   0.00000  0.09442
17 12   -55.312  -11.784  -23.146  11.36  01   0.00000  0.04721
17 13   -59.907  -11.784  -18.551   6.77  01   0.00002  0.01816
17 14   -64.503  -11.784  -13.956   2.17  01   0.00059  0.00519
17 15   -69.098  -11.784   -9.361   2.42  11   0.01170  0.00104
17 16   -73.693  -11.784   -4.766   7.02  11   0.14475  0.00013
17 17   -78.288  -11.784   -0.171  11.61  11   0.84294  0.00001

n = 17  GTcallerror (for GT 11, 01) =   0.000612   0.002350

 n  k     lnL00    lnL01    lnL11   dlnL  GT  pk0(GT11) pk1(GT01)
18  0    -0.181  -12.477  -82.893  12.30  00   0.00000  0.00000
18  1    -4.776  -12.477  -78.298   7.70  00   0.00000  0.00007
18  2    -9.371  -12.477  -73.703   3.11  00   0.00000  0.00058
18  3   -13.966  -12.477  -69.108   1.49  01   0.00000  0.00311
18  4   -18.561  -12.477  -64.513   6.08  01   0.00000  0.01167
18  5   -23.157  -12.477  -59.917  10.68  01   0.00000  0.03268
18  6   -27.752  -12.477  -55.322  15.27  01   0.00000  0.07082
18  7   -32.347  -12.477  -50.727  19.87  01   0.00000  0.12140
18  8   -36.942  -12.477  -46.132  24.47  01   0.00000  0.16692
18  9   -41.537  -12.477  -41.537  29.06  01   0.00000  0.18547
18 10   -46.132  -12.477  -36.942  24.47  01   0.00000  0.16692
18 11   -50.727  -12.477  -32.347  19.87  01   0.00000  0.12140
18 12   -55.322  -12.477  -27.752  15.27  01   0.00000  0.07082
18 13   -59.917  -12.477  -23.157  10.68  01   0.00000  0.03268
18 14   -64.513  -12.477  -18.561   6.08  01   0.00003  0.01167
18 15   -69.108  -12.477  -13.966   1.49  01   0.00070  0.00311
18 16   -73.703  -12.477   -9.371   3.11  11   0.01303  0.00058
18 17   -78.298  -12.477   -4.776   7.70  11   0.15173  0.00007
18 18   -82.893  -12.477   -0.181  12.30  11   0.83451  0.00000

n = 18  GTcallerror (for GT 11, 01) =   0.000729   0.001312

 n  k     lnL00    lnL01    lnL11   dlnL  GT  pk0(GT11) pk1(GT01)
19  0    -0.191  -13.170  -87.498  12.98  00   0.00000  0.00000
19  1    -4.786  -13.170  -82.903   8.38  00   0.00000  0.00004
19  2    -9.381  -13.170  -78.308   3.79  00   0.00000  0.00033
19  3   -13.976  -13.170  -73.713   0.81  01   0.00000  0.00185
19  4   -18.571  -13.170  -69.118   5.40  01   0.00000  0.00739
19  5   -23.167  -13.170  -64.523  10.00  01   0.00000  0.02218
19  6   -27.762  -13.170  -59.928  14.59  01   0.00000  0.05175
19  7   -32.357  -13.170  -55.332  19.19  01   0.00000  0.09611
19  8   -36.952  -13.170  -50.737  23.78  01   0.00000  0.14416
19  9   -41.547  -13.170  -46.142  28.38  01   0.00000  0.17620
19 10   -46.142  -13.170  -41.547  28.38  01   0.00000  0.17620
19 11   -50.737  -13.170  -36.952  23.78  01   0.00000  0.14416
19 12   -55.332  -13.170  -32.357  19.19  01   0.00000  0.09611
19 13   -59.928  -13.170  -27.762  14.59  01   0.00000  0.05175
19 14   -64.523  -13.170  -23.167  10.00  01   0.00000  0.02218
19 15   -69.118  -13.170  -18.571   5.40  01   0.00003  0.00739
19 16   -73.713  -13.170  -13.976   0.81  01   0.00083  0.00185
19 17   -78.308  -13.170   -9.381   3.79  11   0.01441  0.00033
19 18   -82.903  -13.170   -4.786   8.38  11   0.15856  0.00004
19 19   -87.498  -13.170   -0.191  12.98  11   0.82617  0.00000

n = 19  GTcallerror (for GT 11, 01) =   0.000859   0.000729

 n  k     lnL00    lnL01    lnL11   dlnL  GT  pk0(GT11) pk1(GT01)
20  0    -0.201  -13.863  -92.103  13.66  00   0.00000  0.00000
20  1    -4.796  -13.863  -87.508   9.07  00   0.00000  0.00002
20  2    -9.391  -13.863  -82.913   4.47  00   0.00000  0.00018
20  3   -13.986  -13.863  -78.318   0.12  01   0.00000  0.00109
20  4   -18.581  -13.863  -73.723   4.72  01   0.00000  0.00462
20  5   -23.177  -13.863  -69.128   9.31  01   0.00000  0.01479
20  6   -27.772  -13.863  -64.533  13.91  01   0.00000  0.03696
20  7   -32.367  -13.863  -59.938  18.50  01   0.00000  0.07393
20  8   -36.962  -13.863  -55.342  23.10  01   0.00000  0.12013
20  9   -41.557  -13.863  -50.747  27.69  01   0.00000  0.16018
20 10   -46.152  -13.863  -46.152  32.29  01   0.00000  0.17620
20 11   -50.747  -13.863  -41.557  27.69  01   0.00000  0.16018
20 12   -55.342  -13.863  -36.962  23.10  01   0.00000  0.12013
20 13   -59.938  -13.863  -32.367  18.50  01   0.00000  0.07393
20 14   -64.533  -13.863  -27.772  13.91  01   0.00000  0.03696
20 15   -69.128  -13.863  -23.177   9.31  01   0.00000  0.01479
20 16   -73.723  -13.863  -18.581   4.72  01   0.00004  0.00462
20 17   -78.318  -13.863  -13.986   0.12  01   0.00096  0.00109
20 18   -82.913  -13.863   -9.391   4.47  11   0.01586  0.00018
20 19   -87.508  -13.863   -4.796   9.07  11   0.16523  0.00002
20 20   -92.103  -13.863   -0.201  13.66  11   0.81791  0.00000

n = 20  GTcallerror (for GT 11, 01) =   0.001004   0.000402

 n  k     lnL00    lnL01    lnL11   dlnL  GT  pk0(GT11) pk1(GT01)
21  0    -0.211  -14.556  -96.709  14.35  00   0.00000  0.00000
21  1    -4.806  -14.556  -92.113   9.75  00   0.00000  0.00001
21  2    -9.401  -14.556  -87.518   5.15  00   0.00000  0.00010
21  3   -13.996  -14.556  -82.923   0.56  00   0.00000  0.00063
21  4   -18.592  -14.556  -78.328   4.04  01   0.00000  0.00285
21  5   -23.187  -14.556  -73.733   8.63  01   0.00000  0.00970
21  6   -27.782  -14.556  -69.138  13.23  01   0.00000  0.02588
21  7   -32.377  -14.556  -64.543  17.82  01   0.00000  0.05545
21  8   -36.972  -14.556  -59.948  22.42  01   0.00000  0.09703
21  9   -41.567  -14.556  -55.352  27.01  01   0.00000  0.14016
21 10   -46.162  -14.556  -50.757  31.61  01   0.00000  0.16819
21 11   -50.757  -14.556  -46.162  31.61  01   0.00000  0.16819
21 12   -55.352  -14.556  -41.567  27.01  01   0.00000  0.14016
21 13   -59.948  -14.556  -36.972  22.42  01   0.00000  0.09703
21 14   -64.543  -14.556  -32.377  17.82  01   0.00000  0.05545
21 15   -69.138  -14.556  -27.782  13.23  01   0.00000  0.02588
21 16   -73.733  -14.556  -23.187   8.63  01   0.00000  0.00970
21 17   -78.328  -14.556  -18.592   4.04  01   0.00005  0.00285
21 18   -82.923  -14.556  -13.996   0.56  11   0.00111  0.00063
21 19   -87.518  -14.556   -9.401   5.15  11   0.01735  0.00010
21 20   -92.113  -14.556   -4.806   9.75  11   0.17176  0.00001
21 21   -96.709  -14.556   -0.211  14.35  11   0.80973  0.00000

n = 21  GTcallerror (for GT 11, 01) =   0.000052   0.001490

 n  k     lnL00    lnL01    lnL11   dlnL  GT  pk0(GT11) pk1(GT01)
22  0    -0.221  -15.249 -101.314  15.03  00   0.00000  0.00000
22  1    -4.816  -15.249  -96.719  10.43  00   0.00000  0.00001
22  2    -9.411  -15.249  -92.124   5.84  00   0.00000  0.00006
22  3   -14.006  -15.249  -87.528   1.24  00   0.00000  0.00037
22  4   -18.602  -15.249  -82.933   3.35  01   0.00000  0.00174
22  5   -23.197  -15.249  -78.338   7.95  01   0.00000  0.00628
22  6   -27.792  -15.249  -73.743  12.54  01   0.00000  0.01779
22  7   -32.387  -15.249  -69.148  17.14  01   0.00000  0.04066
22  8   -36.982  -15.249  -64.553  21.73  01   0.00000  0.07624
22  9   -41.577  -15.249  -59.958  26.33  01   0.00000  0.11859
22 10   -46.172  -15.249  -55.363  30.92  01   0.00000  0.15417
22 11   -50.767  -15.249  -50.767  35.52  01   0.00000  0.16819
22 12   -55.363  -15.249  -46.172  30.92  01   0.00000  0.15417
22 13   -59.958  -15.249  -41.577  26.33  01   0.00000  0.11859
22 14   -64.553  -15.249  -36.982  21.73  01   0.00000  0.07624
22 15   -69.148  -15.249  -32.387  17.14  01   0.00000  0.04066
22 16   -73.743  -15.249  -27.792  12.54  01   0.00000  0.01779
22 17   -78.338  -15.249  -23.197   7.95  01   0.00000  0.00628
22 18   -82.933  -15.249  -18.602   3.35  01   0.00006  0.00174
22 19   -87.528  -15.249  -14.006   1.24  11   0.00127  0.00037
22 20   -92.124  -15.249   -9.411   5.84  11   0.01889  0.00006
22 21   -96.719  -15.249   -4.816  10.43  11   0.17814  0.00001
22 22  -101.314  -15.249   -0.221  15.03  11   0.80163  0.00000

n = 22  GTcallerror (for GT 11, 01) =   0.000063   0.000855

 n  k     lnL00    lnL01    lnL11   dlnL  GT  pk0(GT11) pk1(GT01)
23  0    -0.231  -15.942 -105.919  15.71  00   0.00000  0.00000
23  1    -4.826  -15.942 -101.324  11.12  00   0.00000  0.00000
23  2    -9.421  -15.942  -96.729   6.52  00   0.00000  0.00003
23  3   -14.017  -15.942  -92.134   1.93  00   0.00000  0.00021
23  4   -18.612  -15.942  -87.538   2.67  01   0.00000  0.00106
23  5   -23.207  -15.942  -82.943   7.26  01   0.00000  0.00401
23  6   -27.802  -15.942  -78.348  11.86  01   0.00000  0.01203
23  7   -32.397  -15.942  -73.753  16.45  01   0.00000  0.02922
23  8   -36.992  -15.942  -69.158  21.05  01   0.00000  0.05845
23  9   -41.587  -15.942  -64.563  25.64  01   0.00000  0.09742
23 10   -46.182  -15.942  -59.968  30.24  01   0.00000  0.13638
23 11   -50.777  -15.942  -55.373  34.84  01   0.00000  0.16118
23 12   -55.373  -15.942  -50.777  34.84  01   0.00000  0.16118
23 13   -59.968  -15.942  -46.182  30.24  01   0.00000  0.13638
23 14   -64.563  -15.942  -41.587  25.64  01   0.00000  0.09742
23 15   -69.158  -15.942  -36.992  21.05  01   0.00000  0.05845
23 16   -73.753  -15.942  -32.397  16.45  01   0.00000  0.02922
23 17   -78.348  -15.942  -27.802  11.86  01   0.00000  0.01203
23 18   -82.943  -15.942  -23.207   7.26  01   0.00000  0.00401
23 19   -87.538  -15.942  -18.612   2.67  01   0.00007  0.00106
23 20   -92.134  -15.942  -14.017   1.93  11   0.00145  0.00021
23 21   -96.729  -15.942   -9.421   6.52  11   0.02049  0.00003
23 22  -101.324  -15.942   -4.826  11.12  11   0.18438  0.00000
23 23  -105.919  -15.942   -0.231  15.71  11   0.79361  0.00000

n = 23  GTcallerror (for GT 11, 01) =   0.000076   0.000488

 n  k     lnL00    lnL01    lnL11   dlnL  GT  pk0(GT11) pk1(GT01)
24  0    -0.241  -16.636 -110.524  16.39  00   0.00000  0.00000
24  1    -4.836  -16.636 -105.929  11.80  00   0.00000  0.00000
24  2    -9.431  -16.636 -101.334   7.20  00   0.00000  0.00002
24  3   -14.027  -16.636  -96.739   2.61  00   0.00000  0.00012
24  4   -18.622  -16.636  -92.144   1.99  01   0.00000  0.00063
24  5   -23.217  -16.636  -87.548   6.58  01   0.00000  0.00253
24  6   -27.812  -16.636  -82.953  11.18  01   0.00000  0.00802
24  7   -32.407  -16.636  -78.358  15.77  01   0.00000  0.02063
24  8   -37.002  -16.636  -73.763  20.37  01   0.00000  0.04384
24  9   -41.597  -16.636  -69.168  24.96  01   0.00000  0.07793
24 10   -46.192  -16.636  -64.573  29.56  01   0.00000  0.11690
24 11   -50.788  -16.636  -59.978  34.15  01   0.00000  0.14878
24 12   -55.383  -16.636  -55.383  38.75  01   0.00000  0.16118
24 13   -59.978  -16.636  -50.788  34.15  01   0.00000  0.14878
24 14   -64.573  -16.636  -46.192  29.56  01   0.00000  0.11690
24 15   -69.168  -16.636  -41.597  24.96  01   0.00000  0.07793
24 16   -73.763  -16.636  -37.002  20.37  01   0.00000  0.04384
24 17   -78.358  -16.636  -32.407  15.77  01   0.00000  0.02063
24 18   -82.953  -16.636  -27.812  11.18  01   0.00000  0.00802
24 19   -87.548  -16.636  -23.217   6.58  01   0.00000  0.00253
24 20   -92.144  -16.636  -18.622   1.99  01   0.00009  0.00063
24 21   -96.739  -16.636  -14.027   2.61  11   0.00164  0.00012
24 22  -101.334  -16.636   -9.431   7.20  11   0.02213  0.00002
24 23  -105.929  -16.636   -4.836  11.80  11   0.19047  0.00000
24 24  -110.524  -16.636   -0.241  16.39  11   0.78568  0.00000

n = 24  GTcallerror (for GT 11, 01) =   0.000091   0.000277

 n  k     lnL00    lnL01    lnL11   dlnL  GT  pk0(GT11) pk1(GT01)
25  0    -0.251  -17.329 -115.129  17.08  00   0.00000  0.00000
25  1    -4.846  -17.329 -110.534  12.48  00   0.00000  0.00000
25  2    -9.441  -17.329 -105.939   7.89  00   0.00000  0.00001
25  3   -14.037  -17.329 -101.344   3.29  00   0.00000  0.00007
25  4   -18.632  -17.329  -96.749   1.30  01   0.00000  0.00038
25  5   -23.227  -17.329  -92.154   5.90  01   0.00000  0.00158
25  6   -27.822  -17.329  -87.559  10.49  01   0.00000  0.00528
25  7   -32.417  -17.329  -82.963  15.09  01   0.00000  0.01433
25  8   -37.012  -17.329  -78.368  19.68  01   0.00000  0.03223
25  9   -41.607  -17.329  -73.773  24.28  01   0.00000  0.06089
25 10   -46.202  -17.329  -69.178  28.87  01   0.00000  0.09742
25 11   -50.798  -17.329  -64.583  33.47  01   0.00000  0.13284
25 12   -55.393  -17.329  -59.988  38.06  01   0.00000  0.15498
25 13   -59.988  -17.329  -55.393  38.06  01   0.00000  0.15498
25 14   -64.583  -17.329  -50.798  33.47  01   0.00000  0.13284
25 15   -69.178  -17.329  -46.202  28.87  01   0.00000  0.09742
25 16   -73.773  -17.329  -41.607  24.28  01   0.00000  0.06089
25 17   -78.368  -17.329  -37.012  19.68  01   0.00000  0.03223
25 18   -82.963  -17.329  -32.417  15.09  01   0.00000  0.01433
25 19   -87.559  -17.329  -27.822  10.49  01   0.00000  0.00528
25 20   -92.154  -17.329  -23.227   5.90  01   0.00000  0.00158
25 21   -96.749  -17.329  -18.632   1.30  01   0.00010  0.00038
25 22  -101.344  -17.329  -14.037   3.29  11   0.00184  0.00007
25 23  -105.939  -17.329   -9.441   7.89  11   0.02381  0.00001
25 24  -110.534  -17.329   -4.846  12.48  11   0.19642  0.00000
25 25  -115.129  -17.329   -0.251  17.08  11   0.77782  0.00000

n = 25  GTcallerror (for GT 11, 01) =   0.000107   0.000157

 n  k     lnL00    lnL01    lnL11   dlnL  GT  pk0(GT11) pk1(GT01)
26  0    -0.261  -18.022 -119.734  17.76  00   0.00000  0.00000
26  1    -4.856  -18.022 -115.139  13.17  00   0.00000  0.00000
26  2    -9.452  -18.022 -110.544   8.57  00   0.00000  0.00000
26  3   -14.047  -18.022 -105.949   3.98  00   0.00000  0.00004
26  4   -18.642  -18.022 -101.354   0.62  01   0.00000  0.00022
26  5   -23.237  -18.022  -96.759   5.22  01   0.00000  0.00098
26  6   -27.832  -18.022  -92.164   9.81  01   0.00000  0.00343
26  7   -32.427  -18.022  -87.569  14.41  01   0.00000  0.00980
26  8   -37.022  -18.022  -82.973  19.00  01   0.00000  0.02328
26  9   -41.617  -18.022  -78.378  23.60  01   0.00000  0.04656
26 10   -46.213  -18.022  -73.783  28.19  01   0.00000  0.07915
26 11   -50.808  -18.022  -69.188  32.79  01   0.00000  0.11513
26 12   -55.403  -18.022  -64.593  37.38  01   0.00000  0.14391
26 13   -59.998  -18.022  -59.998  41.98  01   0.00000  0.15498
26 14   -64.593  -18.022  -55.403  37.38  01   0.00000  0.14391
26 15   -69.188  -18.022  -50.808  32.79  01   0.00000  0.11513
26 16   -73.783  -18.022  -46.213  28.19  01   0.00000  0.07915
26 17   -78.378  -18.022  -41.617  23.60  01   0.00000  0.04656
26 18   -82.973  -18.022  -37.022  19.00  01   0.00000  0.02328
26 19   -87.569  -18.022  -32.427  14.41  01   0.00000  0.00980
26 20   -92.164  -18.022  -27.832   9.81  01   0.00000  0.00343
26 21   -96.759  -18.022  -23.237   5.22  01   0.00001  0.00098
26 22  -101.354  -18.022  -18.642   0.62  01   0.00012  0.00022
26 23  -105.949  -18.022  -14.047   3.98  11   0.00206  0.00004
26 24  -110.544  -18.022   -9.452   8.57  11   0.02553  0.00000
26 25  -115.139  -18.022   -4.856  13.17  11   0.20223  0.00000
26 26  -119.734  -18.022   -0.261  17.76  11   0.77004  0.00000

n = 26  GTcallerror (for GT 11, 01) =   0.000125   0.000088

 n  k     lnL00    lnL01    lnL11   dlnL  GT  pk0(GT11) pk1(GT01)
27  0    -0.271  -18.715 -124.340  18.44  00   0.00000  0.00000
27  1    -4.866  -18.715 -119.744  13.85  00   0.00000  0.00000
27  2    -9.462  -18.715 -115.149   9.25  00   0.00000  0.00000
27  3   -14.057  -18.715 -110.554   4.66  00   0.00000  0.00002
27  4   -18.652  -18.715 -105.959   0.06  00   0.00000  0.00013
27  5   -23.247  -18.715 -101.364   4.53  01   0.00000  0.00060
27  6   -27.842  -18.715  -96.769   9.13  01   0.00000  0.00221
27  7   -32.437  -18.715  -92.174  13.72  01   0.00000  0.00662
27  8   -37.032  -18.715  -87.579  18.32  01   0.00000  0.01654
27  9   -41.627  -18.715  -82.984  22.91  01   0.00000  0.03492
27 10   -46.223  -18.715  -78.388  27.51  01   0.00000  0.06286
27 11   -50.818  -18.715  -73.793  32.10  01   0.00000  0.09714
27 12   -55.413  -18.715  -69.198  36.70  01   0.00000  0.12952
27 13   -60.008  -18.715  -64.603  41.29  01   0.00000  0.14945
27 14   -64.603  -18.715  -60.008  41.29  01   0.00000  0.14945
27 15   -69.198  -18.715  -55.413  36.70  01   0.00000  0.12952
27 16   -73.793  -18.715  -50.818  32.10  01   0.00000  0.09714
27 17   -78.388  -18.715  -46.223  27.51  01   0.00000  0.06286
27 18   -82.984  -18.715  -41.627  22.91  01   0.00000  0.03492
27 19   -87.579  -18.715  -37.032  18.32  01   0.00000  0.01654
27 20   -92.174  -18.715  -32.437  13.72  01   0.00000  0.00662
27 21   -96.769  -18.715  -27.842   9.13  01   0.00000  0.00221
27 22  -101.364  -18.715  -23.247   4.53  01   0.00001  0.00060
27 23  -105.959  -18.715  -18.652   0.06  11   0.00014  0.00013
27 24  -110.554  -18.715  -14.057   4.66  11   0.00230  0.00002
27 25  -115.149  -18.715   -9.462   9.25  11   0.02730  0.00000
27 26  -119.744  -18.715   -4.866  13.85  11   0.20791  0.00000
27 27  -124.340  -18.715   -0.271  18.44  11   0.76234  0.00000

n = 27  GTcallerror (for GT 11, 01) =   0.000007   0.000311

 n  k     lnL00    lnL01    lnL11   dlnL  GT  pk0(GT11) pk1(GT01)
28  0    -0.281  -19.408 -128.945  19.13  00   0.00000  0.00000
28  1    -4.877  -19.408 -124.350  14.53  00   0.00000  0.00000
28  2    -9.472  -19.408 -119.755   9.94  00   0.00000  0.00000
28  3   -14.067  -19.408 -115.159   5.34  00   0.00000  0.00001
28  4   -18.662  -19.408 -110.564   0.75  00   0.00000  0.00008
28  5   -23.257  -19.408 -105.969   3.85  01   0.00000  0.00037
28  6   -27.852  -19.408 -101.374   8.44  01   0.00000  0.00140
28  7   -32.447  -19.408  -96.779  13.04  01   0.00000  0.00441
28  8   -37.042  -19.408  -92.184  17.63  01   0.00000  0.01158
28  9   -41.637  -19.408  -87.589  22.23  01   0.00000  0.02573
28 10   -46.233  -19.408  -82.994  26.82  01   0.00000  0.04889
28 11   -50.828  -19.408  -78.398  31.42  01   0.00000  0.08000
28 12   -55.423  -19.408  -73.803  36.01  01   0.00000  0.11333
28 13   -60.018  -19.408  -69.208  40.61  01   0.00000  0.13948
28 14   -64.613  -19.408  -64.613  45.20  01   0.00000  0.14945
28 15   -69.208  -19.408  -60.018  40.61  01   0.00000  0.13948
28 16   -73.803  -19.408  -55.423  36.01  01   0.00000  0.11333
28 17   -78.398  -19.408  -50.828  31.42  01   0.00000  0.08000
28 18   -82.994  -19.408  -46.233  26.82  01   0.00000  0.04889
28 19   -87.589  -19.408  -41.637  22.23  01   0.00000  0.02573
28 20   -92.184  -19.408  -37.042  17.63  01   0.00000  0.01158
28 21   -96.779  -19.408  -32.447  13.04  01   0.00000  0.00441
28 22  -101.374  -19.408  -27.852   8.44  01   0.00000  0.00140
28 23  -105.969  -19.408  -23.257   3.85  01   0.00001  0.00037
28 24  -110.564  -19.408  -18.662   0.75  11   0.00016  0.00008
28 25  -115.159  -19.408  -14.067   5.34  11   0.00255  0.00001
28 26  -119.755  -19.408   -9.472   9.94  11   0.02911  0.00000
28 27  -124.350  -19.408   -4.877  14.53  11   0.21346  0.00000
28 28  -128.945  -19.408   -0.281  19.13  11   0.75472  0.00000

n = 28  GTcallerror (for GT 11, 01) =   0.000008   0.000180

 n  k     lnL00    lnL01    lnL11   dlnL  GT  pk0(GT11) pk1(GT01)
29  0    -0.291  -20.101 -133.550  19.81  00   0.00000  0.00000
29  1    -4.887  -20.101 -128.955  15.21  00   0.00000  0.00000
29  2    -9.482  -20.101 -124.360  10.62  00   0.00000  0.00000
29  3   -14.077  -20.101 -119.765   6.02  00   0.00000  0.00001
29  4   -18.672  -20.101 -115.169   1.43  00   0.00000  0.00004
29  5   -23.267  -20.101 -110.574   3.17  01   0.00000  0.00022
29  6   -27.862  -20.101 -105.979   7.76  01   0.00000  0.00088
29  7   -32.457  -20.101 -101.384  12.36  01   0.00000  0.00291
29  8   -37.052  -20.101  -96.789  16.95  01   0.00000  0.00799
29  9   -41.648  -20.101  -92.194  21.55  01   0.00000  0.01865
29 10   -46.243  -20.101  -87.599  26.14  01   0.00000  0.03731
29 11   -50.838  -20.101  -83.004  30.74  01   0.00000  0.06444
29 12   -55.433  -20.101  -78.408  35.33  01   0.00000  0.09666
29 13   -60.028  -20.101  -73.813  39.93  01   0.00000  0.12641
29 14   -64.623  -20.101  -69.218  44.52  01   0.00000  0.14446
29 15   -69.218  -20.101  -64.623  44.52  01   0.00000  0.14446
29 16   -73.813  -20.101  -60.028  39.93  01   0.00000  0.12641
29 17   -78.408  -20.101  -55.433  35.33  01   0.00000  0.09666
29 18   -83.004  -20.101  -50.838  30.74  01   0.00000  0.06444
29 19   -87.599  -20.101  -46.243  26.14  01   0.00000  0.03731
29 20   -92.194  -20.101  -41.648  21.55  01   0.00000  0.01865
29 21   -96.789  -20.101  -37.052  16.95  01   0.00000  0.00799
29 22  -101.384  -20.101  -32.457  12.36  01   0.00000  0.00291
29 23  -105.979  -20.101  -27.862   7.76  01   0.00000  0.00088
29 24  -110.574  -20.101  -23.267   3.17  01   0.00001  0.00022
29 25  -115.169  -20.101  -18.672   1.43  11   0.00018  0.00004
29 26  -119.765  -20.101  -14.077   6.02  11   0.00281  0.00001
29 27  -124.360  -20.101   -9.482  10.62  11   0.03095  0.00000
29 28  -128.955  -20.101   -4.887  15.21  11   0.21887  0.00000
29 29  -133.550  -20.101   -0.291  19.81  11   0.74717  0.00000

n = 29  GTcallerror (for GT 11, 01) =   0.000010   0.000104

 n  k     lnL00    lnL01    lnL11   dlnL  GT  pk0(GT11) pk1(GT01)
30  0    -0.302  -20.794 -138.155  20.49  00   0.00000  0.00000
30  1    -4.897  -20.794 -133.560  15.90  00   0.00000  0.00000
30  2    -9.492  -20.794 -128.965  11.30  00   0.00000  0.00000
30  3   -14.087  -20.794 -124.370   6.71  00   0.00000  0.00000
30  4   -18.682  -20.794 -119.775   2.11  00   0.00000  0.00003
30  5   -23.277  -20.794 -115.180   2.48  01   0.00000  0.00013
30  6   -27.872  -20.794 -110.584   7.08  01   0.00000  0.00055
30  7   -32.467  -20.794 -105.989  11.67  01   0.00000  0.00190
30  8   -37.062  -20.794 -101.394  16.27  01   0.00000  0.00545
30  9   -41.658  -20.794  -96.799  20.86  01   0.00000  0.01332
30 10   -46.253  -20.794  -92.204  25.46  01   0.00000  0.02798
30 11   -50.848  -20.794  -87.609  30.05  01   0.00000  0.05088
30 12   -55.443  -20.794  -83.014  34.65  01   0.00000  0.08055
30 13   -60.038  -20.794  -78.419  39.24  01   0.00000  0.11154
30 14   -64.633  -20.794  -73.823  43.84  01   0.00000  0.13544
30 15   -69.228  -20.794  -69.228  48.43  01   0.00000  0.14446
30 16   -73.823  -20.794  -64.633  43.84  01   0.00000  0.13544
30 17   -78.419  -20.794  -60.038  39.24  01   0.00000  0.11154
30 18   -83.014  -20.794  -55.443  34.65  01   0.00000  0.08055
30 19   -87.609  -20.794  -50.848  30.05  01   0.00000  0.05088
30 20   -92.204  -20.794  -46.253  25.46  01   0.00000  0.02798
30 21   -96.799  -20.794  -41.658  20.86  01   0.00000  0.01332
30 22  -101.394  -20.794  -37.062  16.27  01   0.00000  0.00545
30 23  -105.989  -20.794  -32.467  11.67  01   0.00000  0.00190
30 24  -110.584  -20.794  -27.872   7.08  01   0.00000  0.00055
30 25  -115.180  -20.794  -23.277   2.48  01   0.00001  0.00013
30 26  -119.775  -20.794  -18.682   2.11  11   0.00021  0.00003
30 27  -124.370  -20.794  -14.087   6.71  11   0.00310  0.00000
30 28  -128.965  -20.794   -9.492  11.30  11   0.03283  0.00000
30 29  -133.560  -20.794   -4.897  15.90  11   0.22415  0.00000
30 30  -138.155  -20.794   -0.302  20.49  11   0.73970  0.00000

n = 30  GTcallerror (for GT 11, 01) =   0.000012   0.000059

