
reads	homo_error	hetero_error

2	0.0199000	0.5000000
3	0.0297010	0.2500000
4	0.0394040	0.1250000
5	0.0490100	0.0625000
6	0.0585199	0.0312500
7	0.0020310	0.1250000
8	0.0026901	0.0703125
9	0.0034357	0.0390625
10	0.0042662	0.0214844
11	0.0051797	0.0117187
12	0.0061745	0.0063477
13	0.0072489	0.0034180
14	0.0003351	0.0129395
15	0.0004158	0.0073853
16	0.0005079	0.0041809
17	0.0006122	0.0023499
18	0.0007292	0.0013123
19	0.0008594	0.0007286
20	0.0010036	0.0004025
21	0.0000522	0.0014896
22	0.0000633	0.0008554
23	0.0000761	0.0004883
24	0.0000905	0.0002772
25	0.0001069	0.0001565
26	0.0001254	0.0000880
27	0.0000067	0.0003107
28	0.0000081	0.0001800
29	0.0000097	0.0001037
30	0.0000116	0.0000595
